"Шифр АТБАШ" - работает всё
"Шифр Цезаря" - работает всё
"Шифр Полибия" - работает всё
"Шифр Тритемия" - работает всё 
"Шифр Белазо" - работает всё 
"Шифр Виженера" - работае всё 
"МАГМА(s_block)" - работает всё
пример: 01234567
"Шифр Матричный" - работает всё
"Шифр Плейфера" - не работает с большими текстами
"Шифр вертикальной перестановки" - работает всё
"Шифр решетка Кардано" - работает всё
пример для цитаты:6 10 / 0 1, 1 0, 1 4, 1 6, 1 7, 2 1, 2 5, 2 9, 3 3, 3 7, 4 1, 5 2, 5 5, 5 6, 5 9
пример для большого текста: 46 46 / 0 3, 0 4, 0 7, 0 13, 0 17, 0 26, 0 30, 0 34, 0 35, 0 37, 0 45, 1 3, 1 5, 1 8, 1 11, 1 28, 1 29, 1 33, 1 36, 1 43, 1 45, 2 0, 2 3, 2 5, 2 10, 2 11, 2 17, 2 20, 2 26, 2 27, 2 30, 2 33, 2 37, 2 41, 3 5, 3 7, 3 13, 3 16, 3 19, 3 22, 3 24, 3 25, 3 27, 3 33, 3 34, 3 35, 3 41, 3 45, 4 4, 4 5, 4 7, 4 9, 4 13, 4 21, 4 23, 4 28, 4 29, 5 4, 5 5, 5 11, 5 12, 5 18, 5 20, 5 22, 5 29, 5 30, 5 43, 5 45, 6 3, 6 4, 6 7, 6 13, 6 18, 6 23, 6 24, 6 26, 6 30, 6 31, 6 33, 6 35, 6 44, 7 15, 7 16, 7 21, 7 22, 7 25, 7 27, 7 28, 7 35, 7 41, 8 1, 8 8, 8 14, 8 21, 8 27, 8 28, 8 29, 8 30, 8 32, 8 34, 8 35, 8 42, 8 45, 9 0, 9 4, 9 5, 9 8, 9 9, 9 15, 9 23, 9 24, 9 26, 9 29, 9 33, 9 34, 9 43, 10 0, 10 6, 10 17, 10 19, 10 24, 10 32, 10 33, 10 34, 10 38, 10 40, 10 42, 11 3, 11 7, 11 14, 11 16, 11 17, 11 21, 11 23, 11 26, 11 32, 11 33, 11 34, 11 36, 11 37, 11 40, 11 43, 11 45, 12 2, 12 9, 12 17, 12 20, 12 30, 12 31, 12 33, 12 39, 13 5, 13 16, 13 25, 13 27, 13 28, 13 30, 13 33, 13 35, 13 41, 13 42, 14 0, 14 5, 14 6, 14 7, 14 8, 14 11, 14 13, 14 16, 14 22, 14 41, 14 44, 15 0, 15 7, 15 11, 15 16, 15 21, 15 26, 15 30, 15 40, 15 41, 15 43, 16 6, 16 15, 16 18, 16 19, 16 21, 16 28, 16 31, 16 32, 16 33, 16 34, 16 35, 16 37, 16 41, 16 44, 17 2, 17 5, 17 13, 17 14, 17 16, 17 22, 17 28, 17 36, 17 37, 17 38, 17 42, 17 45, 18 0, 18 2, 18 3, 18 8, 18 11, 18 12, 18 15, 18 17, 18 18, 18 26, 18 36, 18 38, 18 41, 19 0, 19 3, 19 5, 19 6, 19 8, 19 9, 19 11, 19 15, 19 16, 19 19, 19 20, 19 22, 19 27, 19 31, 19 33, 19 35, 19 41, 20 3, 20 8, 20 13, 20 16, 20 23, 20 24, 20 27, 20 28, 20 31, 20 34, 20 39, 20 40, 21 10, 21 14, 21 18, 21 20, 21 21, 21 30, 21 38, 21 41, 21 42, 22 0, 22 9, 22 11, 22 16, 22 17, 22 20, 22 22, 22 31, 22 32, 22 35, 22 37, 22 38, 22 40, 23 1, 23 15, 23 19, 23 24, 23 27, 23 33, 23 39, 23 41, 23 42, 23 43, 24 0, 24 1, 24 2, 24 6, 24 11, 24 12, 24 13, 24 16, 24 22, 24 26, 24 28, 24 36, 24 37, 24 40, 25 1, 25 2, 25 4, 25 10, 25 12, 25 25, 25 26, 25 30, 25 36, 25 38, 25 45, 26 13, 26 17, 26 24, 26 38, 26 43, 26 44, 27 6, 27 10, 27 14, 27 16, 27 21, 27 22, 27 25, 27 32, 27 40, 27 44, 28 4, 28 10, 28 15, 28 18, 28 19, 28 20, 28 24, 28 33, 28 34, 28 39, 28 44, 29 0, 29 2, 29 3, 29 5, 29 7, 29 9, 29 23, 29 25, 29 29, 30 1, 30 9, 30 10, 30 12, 30 13, 30 17, 30 22, 30 25, 30 27, 30 31, 30 37, 30 39, 30 42, 31 2, 31 3, 31 10, 31 14, 31 15, 31 21, 31 25, 31 26, 31 27, 31 28, 31 33, 31 36, 32 0, 32 1, 32 2, 32 9, 32 11, 32 19, 32 21, 32 22, 32 31, 32 32, 32 37, 32 38, 32 39, 33 0, 33 5, 33 8, 33 11, 33 13, 33 18, 33 19, 33 23, 33 24, 33 29, 33 35, 33 38, 33 41, 33 42, 33 44, 34 1, 34 15, 34 18, 34 20, 34 35, 34 39, 34 41, 35 1, 35 2, 35 4, 35 14, 35 16, 35 18, 35 20, 35 22, 35 30, 35 35, 35 36, 35 37, 36 6, 36 7, 36 10, 36 20, 36 27, 36 28, 36 31, 36 32, 36 42, 36 44, 37 4, 37 9, 37 12, 37 19, 37 20, 37 23, 37 38, 37 39, 37 40, 37 43, 38 0, 38 1, 38 3, 38 8, 38 9, 38 11, 38 12, 38 13, 38 14, 38 26, 38 38, 38 39, 38 40, 38 43, 39 0, 39 5, 39 9, 39 11, 39 20, 39 28, 39 29, 39 37, 39 39, 39 43, 40 6, 40 7, 40 9, 40 10, 40 13, 40 17, 40 19, 40 24, 40 31, 40 37, 40 42, 40 44, 41 0, 41 8, 41 10, 41 18, 41 20, 41 26, 41 30, 41 31, 41 33, 41 34, 41 39, 41 42, 41 43, 41 44, 42 9, 42 15, 42 17, 42 31, 42 37, 42 39, 42 42, 42 43, 42 44, 43 2, 43 9, 43 16, 43 21, 43 23, 43 31, 43 32, 43 38, 43 39, 43 44, 44 7, 44 10, 44 19, 44 22, 44 24, 44 25, 44 27, 44 30, 44 31, 44 32, 44 39, 44 41, 44 44, 45 2, 45 6, 45 12, 45 20, 45 21, 45 22, 45 27, 45 29, 45 31, 45 36, 45 40, 45 44
"Шифр сеть Фейстеля" - работает всё
пример: fedcba9876543210
ключ: ffeeddccbbaa99887766554433221100f0f1f2f3f4f5f6f7f8f9fafbfcfdfeff
"Одноразовый блокнот Шеннона" - работает, но не так, как надо
"Hexoize" и "Магма (гаммирование)" - работает всё
"Hexoize" - 42243e44202c02043a44243e02043b43e43643844244144f02043d43002043443243002044144244343b43002c02043f43043443043544202043d43002044043543144043002e
ключ: ffeeddccbbaa99887766554433221100f0f1f2f3f4f5f6f7f8f9fafbfcfdfeff
вектор: 12345678